-50.0537	28.4789
-48.9416	35.729
-47.8126	37.479
-46.6836	37.479
-45.5546	39.479
-44.4256	41.979
-43.2966	44.729
-42.1676	47.979
-41.0387	48.479
-39.9097	49.729
-38.7807	53.729
-37.6517	57.729
-36.5227	60.979
-35.4106	63.979
-34.2816	66.729
-33.1526	69.229
-32.0236	67.979
-30.8946	71.979
-29.7657	80.229
-28.6367	83.729
-27.5245	80.479
-26.3956	78.479
-25.2666	81.729
-24.1376	87.729
-23.0086	87.979
-21.8965	85.729
-20.7675	82.979
-19.6385	84.979
-18.5095	86.979
-17.3974	90.229
-16.2684	88.979
-15.1394	86.729
-14.0273	80.979
-12.8983	79.229
-11.7693	81.979
-10.6572	86.479
-9.52818	99.479
-8.39919	128.979
-7.28706	165.229
-6.15807	242.729
-5.04594	532.229
-3.91695	1722.98
-2.78797	7960.48
-1.67583	12919
-0.54685	12919
0.565285	12919
1.69427	12919
2.8064	12372.2
3.93539	2164.48
5.04752	770.229
6.17651	357.979
7.28864	202.479
8.41763	140.479
9.52976	107.979
10.6419	88.729
11.7709	73.479
12.883	64.979
14.012	56.979
15.1241	51.229
16.2363	46.229
17.3653	42.229
18.4774	38.979
19.6064	37.229
20.7185	34.729
21.8306	32.979
22.9596	32.729
24.0718	31.9789
25.1839	30.9789
26.296	29.7289
27.425	28.9789
28.5372	28.4789
29.6493	27.4789
30.7614	26.9789
31.8904	25.9789
33.0025	26.4789
34.1147	26.2289
35.2268	24.9789
36.3389	24.9789
37.4679	24.7289
38.5801	24.2289
39.6922	23.9789
40.8043	22.9789
41.9165	23.4789
43.0286	23.2289
44.1407	23.2289
45.2697	23.2289
46.3819	22.7289
47.494	22.7289
48.6061	22.4789
49.7183	22.2289
50.8304	22.7289
51.9425	22.4789
53.0547	21.7289
54.1668	21.7289
55.2789	21.4789
56.3911	21.7289
57.5032	21.4789
58.6153	21.2289
59.7275	21.2289
60.8396	21.2289
61.9517	20.9789
63.047	20.9789
64.1592	20.7289
65.2713	20.7289
66.3834	20.4789
67.4956	20.9789
68.6077	20.7289
69.7198	20.7289
70.8151	20.2289
71.9273	20.4789
73.0394	20.2289
74.1515	20.2289
75.2637	19.9789
76.3758	20.2289
77.4711	20.2289
78.5832	20.2289
79.6953	19.9789
80.8075	20.2289
81.9028	20.4789
83.0149	20.2289
84.127	19.9789
85.2223	20.2289
86.3344	19.7289
87.4466	19.9789
88.5419	19.9789
89.654	19.7289
90.7661	19.4789
91.8614	19.4789
92.9736	19.4789
94.0857	19.2289
95.181	19.4789
96.2931	19.4789
97.3884	19.2289
98.5005	19.4789
99.5958	19.2289
100.708	18.9789
101.803	19.2289
102.915	19.2289
104.011	19.2289
105.123	19.2289
106.218	19.4789
107.33	19.4789
108.425	19.2289
109.538	19.4789
110.633	19.7289
111.745	18.9789
112.84	18.9789
113.952	18.9789
115.048	19.2289
116.143	19.2289
117.255	18.9789
118.35	19.2289
119.446	19.2289
120.558	19.2289
121.653	18.9789
122.748	19.4789
123.861	18.9789
124.956	19.4789
126.051	19.9789
127.163	19.9789
128.259	20.7289
129.354	21.2289
130.449	21.7289
131.561	22.2289
132.657	22.9789
133.752	23.7289
134.847	24.4789
135.942	24.4789
137.055	24.7289
138.15	26.2289
139.245	26.9789
140.34	27.7289
141.436	29.2289
142.531	35.479
143.626	42.229
144.722	42.979
145.817	38.979
146.929	41.979
148.024	98.229
149.12	146.729
150.215	119.979
151.31	78.979
152.405	56.979
153.501	44.979
154.596	38.729
155.691	35.479
156.786	33.729
157.882	32.229
158.977	31.2289
160.072	31.4789
161.168	30.4789
162.246	30.4789
163.341	30.2289
164.437	30.2289
165.532	30.7289
166.627	30.4789
167.722	30.7289
168.818	30.7289
169.913	29.9789
170.991	30.4789
172.087	30.2289
173.182	30.4789
174.277	29.9789
175.373	30.4789
176.451	30.2289
177.546	30.2289
178.642	29.9789
179.737	29.9789
180.815	30.7289
181.911	30.4789
183.006	30.4789
184.101	30.4789
185.18	30.7289
186.275	30.2289
187.37	29.9789
188.449	30.7289
189.544	30.2289
190.639	29.7289
191.718	29.9789
192.813	30.2289
193.891	29.9789
194.987	29.9789
196.082	29.7289
197.16	29.7289
198.256	30.2289
199.334	29.7289
200.429	30.2289
201.508	30.4789
202.603	30.2289
203.682	30.2289
204.777	29.7289
205.855	29.4789
206.951	29.4789
208.029	29.4789
209.124	30.2289
210.203	30.4789
211.298	30.2289
212.376	29.7289
213.455	29.7289
214.55	29.2289
215.629	29.4789
216.724	30.2289
217.802	29.9789
218.881	29.4789
219.976	29.7289
221.054	29.4789
222.133	29.7289
223.228	29.2289
224.307	29.7289
225.385	28.7289
226.463	29.2289
227.559	29.4789
228.637	29.7289
229.716	29.4789
230.794	29.4789
231.889	29.2289
232.968	29.7289
234.046	29.7289
235.125	29.4789
236.203	29.7289
237.298	28.9789
238.377	30.7289
239.455	30.4789
240.534	30.7289
241.612	30.4789
242.69	28.9789
243.769	29.4789
244.864	29.2289
245.943	28.9789
247.021	28.7289
248.099	28.9789
249.178	28.9789
250.256	28.9789
251.335	28.7289
252.413	29.4789
253.492	28.7289
254.57	29.2289
255.649	28.4789
256.727	28.7289
257.805	28.9789
258.884	29.2289
259.962	28.9789
261.041	28.9789
262.102	29.2289
263.181	29.2289
264.259	33.229
265.338	41.979
266.416	40.479
267.494	35.729
268.573	33.229
269.651	30.9789
270.713	30.9789
271.791	29.7289
272.87	28.9789
273.948	28.4789
275.027	28.7289
276.088	28.7289
277.167	27.9789
278.245	28.9789
279.323	28.7289
280.385	28.7289
281.464	28.9789
282.542	29.2289
283.62	28.4789
284.682	28.9789
285.76	29.2289
286.839	29.2289
287.9	28.4789
288.979	28.9789
290.057	28.7289
291.119	28.7289
292.197	28.7289
293.259	28.7289
294.337	28.9789
295.416	29.2289
296.477	28.9789
297.556	28.7289
298.617	28.9789
299.696	28.9789
300.757	28.7289
301.836	28.9789
302.897	28.9789
303.976	28.9789
305.037	29.2289
306.116	29.4789
307.177	28.9789
308.256	28.9789
309.317	28.9789
310.396	28.7289
311.457	29.2289
312.519	29.2289
313.597	29.4789
314.659	29.2289
315.737	29.4789
316.799	29.2289
317.861	28.9789
318.939	28.9789
320.001	29.4789
321.062	29.2289
322.141	29.2289
323.202	29.9789
324.264	29.2289
325.325	29.4789
326.404	29.2289
327.465	28.7289
328.527	28.9789
329.589	28.7289
330.667	29.2289
331.729	29.2289
332.79	28.9789
333.852	29.4789
334.93	28.9789
335.992	28.9789
337.053	28.4789
338.115	28.9789
339.177	28.7289
340.238	28.9789
341.3	29.7289
342.361	28.9789
343.44	29.2289
344.501	29.2289
345.563	29.2289
346.624	29.7289
347.686	29.4789
348.748	29.4789
349.809	29.2289
350.871	30.2289
351.932	29.4789
352.994	28.7289
354.056	29.2289
355.117	29.2289
356.179	29.2289
357.24	29.7289
358.302	29.4789
359.363	29.7289
360.425	29.7289
361.487	29.7289
362.531	29.9789
363.593	29.9789
364.655	29.7289
365.716	30.2289
366.778	29.7289
367.839	29.9789
368.901	30.2289
369.946	30.2289
371.007	29.7289
372.069	30.4789
373.13	31.2289
374.192	30.7289
375.237	30.7289
376.298	31.2289
377.36	30.9789
378.421	30.9789
379.466	30.4789
380.528	30.9789
381.589	30.4789
382.651	31.2289
383.696	30.7289
384.757	30.7289
385.819	30.7289
386.864	31.2289
387.925	30.7289
388.987	31.2289
390.031	31.4789
391.093	31.4789
392.138	31.7289
393.199	31.4789
394.261	31.7289
395.306	32.229
396.367	31.9789
397.412	30.9789
398.474	31.7289
399.518	31.9789
400.58	32.479
401.625	31.7289
402.686	32.979
403.731	32.729
404.793	32.979
405.837	33.229
406.899	32.729
407.944	33.229
409.005	33.229
410.05	33.229
411.095	33.479
412.156	33.229
413.201	33.729
414.262	32.979
415.307	34.229
416.352	33.979
417.414	34.229
418.458	33.729
419.503	34.229
420.565	34.729
421.609	34.979
422.654	34.229
423.699	34.729
424.76	34.229
425.805	34.479
426.85	34.979
427.911	34.729
428.956	35.229
430.001	35.229
431.046	34.979
432.09	35.479
433.152	34.979
434.197	34.979
435.241	34.229
436.286	34.979
437.331	34.479
438.376	35.229
439.42	35.479
440.482	33.979
441.527	35.479
442.571	34.979
443.616	34.979
444.661	35.229
445.706	35.229
446.75	34.979
447.795	35.729
448.84	35.729
449.884	35.479
450.929	36.229
451.974	35.979
453.019	36.479
454.063	36.729
455.108	36.229
456.153	36.729
457.198	36.229
458.242	36.479
459.287	36.979
460.332	36.479
461.377	36.729
462.404	37.479
463.449	36.729
464.494	37.979
465.539	38.229
466.583	37.979
467.628	37.479
468.656	38.229
469.701	38.229
470.745	38.229
471.79	38.979
472.835	38.979
473.863	39.479
474.908	40.479
475.952	40.479
476.997	41.479
478.025	41.479
479.07	41.979
480.114	42.479
481.159	42.979
482.187	42.729
483.232	43.729
484.276	44.479
485.304	44.729
486.349	44.979
487.394	45.729
488.422	45.979
489.466	46.979
490.494	46.729
491.539	46.729
492.584	47.479
493.612	47.229
494.656	48.479
495.684	48.479
496.729	48.979
497.757	49.479
498.802	48.979
499.829	49.229
500.874	50.729
501.902	50.979
502.947	52.229
503.975	61.479
505.019	77.479
506.047	71.979
507.092	64.729
508.12	58.979
509.148	55.479
510.193	53.979
511.22	52.729
512.265	53.979
513.293	61.229
514.321	62.479
515.366	56.479
516.393	53.229
517.421	50.479
518.466	48.229
519.494	47.479
520.522	46.729
521.567	45.729
522.594	44.979
523.622	43.729
524.65	43.979
525.695	42.729
526.723	43.229
527.751	42.729
528.779	41.979
529.807	41.979
530.851	41.729
531.879	41.479
532.907	41.229
533.935	41.229
534.963	41.479
535.991	40.729
537.035	39.979
538.063	39.979
539.091	39.979
540.119	39.479
541.147	39.479
542.175	39.729
543.203	38.979
544.231	38.479
545.258	38.979
546.286	38.729
547.314	39.479
548.342	38.479
549.37	38.729
550.398	38.229
551.426	38.229
552.454	38.229
553.482	38.229
554.509	37.979
555.537	37.979
556.565	37.479
557.593	38.479
558.621	37.979
559.649	38.229
560.66	37.729
561.688	38.479
562.716	37.729
563.743	38.229
564.771	37.229
565.799	38.229
566.827	37.979
567.838	37.979
568.866	38.229
569.894	37.229
570.922	38.479
571.95	37.479
572.961	37.979
573.989	37.729
575.016	37.479
576.044	37.479
577.055	37.729
578.083	38.729
579.111	38.479
580.122	38.229
581.15	37.979
582.178	38.229
583.189	38.729
584.217	38.229
585.245	38.229
586.256	37.979
587.284	37.979
588.295	37.479
589.323	38.229
590.35	37.229
591.362	37.729
592.389	37.979
593.4	37.479
594.428	37.729
595.439	37.729
596.467	37.729
597.478	37.229
598.506	37.479
599.517	37.479
600.545	37.479
601.556	37.479
602.584	36.979
603.595	37.229
604.623	37.729
605.634	37.979
606.645	37.229
607.673	37.729
608.684	37.479
609.712	37.729
610.723	37.229
611.734	37.229
612.762	37.729
613.773	37.479
614.784	37.979
615.812	38.229
616.823	36.729
617.834	37.229
618.862	37.479
619.873	37.479
620.884	36.729
621.895	37.979
622.923	38.229
623.934	37.979
624.945	38.729
625.956	38.979
626.967	39.479
627.995	39.979
629.006	40.979
630.017	41.229
631.028	41.229
632.039	41.479
633.05	41.729
634.078	41.979
635.089	41.729
636.1	41.729
637.111	41.729
638.122	41.979
639.133	40.729
640.144	41.229
641.155	40.979
642.166	41.479
643.177	40.979
644.188	40.479
645.199	40.479
646.21	40.479
647.221	39.479
648.232	39.479
649.243	39.979
650.254	39.729
651.265	38.729
652.276	38.979
653.287	39.229
654.298	38.729
655.309	38.479
656.32	38.479
657.331	38.229
658.342	38.729
659.336	37.729
660.348	38.229
661.359	38.479
662.37	38.479
663.381	38.229
664.392	37.979
665.386	37.729
666.397	37.729
667.408	37.479
668.419	37.479
669.43	37.979
670.424	37.729
671.435	37.979
672.446	38.479
673.457	37.729
674.451	37.979
675.462	37.729
676.474	38.229
677.468	36.979
678.479	37.729
679.49	37.979
680.484	37.979
681.495	38.479
682.506	38.229
683.5	37.979
684.511	37.979
685.505	38.229
686.516	37.979
687.527	38.479
688.522	38.479
689.533	38.479
690.527	37.729
691.538	37.979
692.532	37.729
693.543	37.979
694.537	37.979
695.548	38.229
696.542	37.979
697.553	38.229
698.548	38.229
699.559	38.729
700.553	38.729
701.564	38.729
702.558	38.979
703.569	38.979
704.563	39.479
705.557	39.479
706.569	38.979
707.563	39.229
708.557	38.729
709.568	38.729
710.562	38.479
711.573	38.979
712.567	38.979
713.561	38.729
714.556	39.479
715.567	39.479
716.561	39.479
717.555	40.229
718.549	39.729
719.56	39.729
720.554	39.729
721.549	39.479
722.543	39.729
723.554	38.979
724.548	39.729
725.542	39.729
726.536	39.479
727.531	39.229
728.542	39.229
729.536	39.729
730.53	39.479
731.524	39.229
732.518	39.479
733.513	40.229
734.507	39.479
735.501	40.229
736.495	39.979
737.489	39.479
738.5	39.979
739.494	40.979
740.489	40.479
741.483	40.979
742.477	41.479
743.471	41.479
744.465	41.479
745.46	42.229
746.454	41.729
747.448	42.229
748.425	43.229
749.419	43.229
750.414	43.729
751.408	44.229
752.402	45.479
753.396	44.979
754.39	44.979
755.385	46.479
756.379	46.979
757.373	47.979
758.35	49.229
759.344	51.479
760.339	54.229
761.333	58.729
762.327	64.229
763.321	75.479
764.298	95.229
765.293	147.229
766.287	265.479
767.281	405.229
768.258	409.979
769.253	294.229
770.247	198.229
771.241	139.729
772.218	105.229
773.212	85.979
774.207	74.729
775.184	67.229
776.178	63.479
777.172	62.729
778.15	62.229
779.144	63.979
780.138	67.729
781.115	71.479
782.109	78.229
783.087	88.729
784.081	107.729
785.058	144.979
786.052	227.479
787.047	446.729
788.024	939.229
789.018	1384.73
789.995	1270.98
790.99	838.229
791.967	493.979
792.961	302.979
793.938	203.229
794.933	154.229
795.91	138.729
796.904	141.479
797.882	141.479
798.859	123.229
799.853	97.479
800.83	78.729
801.825	66.229
802.802	56.979
803.779	51.979
804.773	47.729
805.751	44.729
806.728	42.979
807.722	41.729
808.7	39.729
809.677	38.729
810.671	37.979
811.648	37.979
812.626	36.979
813.62	36.479
814.597	35.979
815.575	36.229
816.552	35.479
817.546	34.979
818.523	34.729
819.501	34.479
820.478	33.979
821.455	33.729
822.45	33.479
823.427	33.979
824.404	33.729
825.382	33.729
826.359	32.979
827.336	33.479
828.314	33.229
829.308	32.729
830.285	32.979
831.262	33.479
832.24	32.729
833.217	32.729
834.194	32.729
835.172	32.979
836.149	32.229
837.126	32.729
838.104	33.229
839.081	32.729
840.058	32.479
841.036	32.729
842.013	32.729
842.99	32.479
843.968	33.479
844.945	33.229
845.922	32.729
846.9	32.479
847.877	32.479
848.854	32.729
849.832	32.229
850.792	32.479
851.769	31.9789
852.747	32.479
853.724	32.979
854.701	32.729
855.679	32.479
856.656	32.979
857.617	32.229
858.594	32.979
859.571	32.729
860.549	33.229
861.526	32.729
862.486	33.479
863.464	32.979
864.441	32.729
865.418	32.479
866.379	32.729
867.356	32.979
868.334	32.229
869.294	32.479
870.271	32.479
871.249	31.9789
872.209	32.479
873.187	32.479
874.164	32.729
875.124	32.229
876.102	32.979
877.079	32.729
878.039	32.729
879.017	32.479
879.977	32.479
880.955	33.229
881.932	33.229
882.892	33.479
883.87	34.229
884.83	34.229
885.808	34.229
886.768	34.479
887.745	35.479
888.706	37.729
889.683	38.479
890.644	37.479
891.621	36.479
892.581	34.729
893.559	34.979
894.519	34.479
895.48	33.729
896.457	33.979
897.418	33.229
898.395	32.979
899.355	33.479
900.316	33.729
901.293	32.979
902.254	33.479
903.214	34.229
904.191	33.729
905.152	33.729
906.112	33.729
907.09	33.979
908.05	34.229
909.011	34.229
909.988	33.729
910.949	33.729
911.909	33.979
912.87	33.979
913.847	33.729
914.807	33.979
915.768	33.479
916.728	33.729
917.689	33.729
918.666	34.479
919.627	33.979
920.587	34.229
921.547	34.729
922.508	35.229
923.468	34.979
924.429	34.979
925.389	35.479
926.367	35.479
927.327	35.479
928.288	35.479
929.248	36.229
930.209	37.229
931.169	37.229
932.13	37.479
933.09	37.729
934.051	37.979
935.011	38.979
935.972	39.479
936.932	39.729
937.893	40.479
938.853	40.729
939.813	40.229
940.774	40.479
941.734	41.229
942.695	40.979
943.655	42.229
944.616	43.229
945.576	42.979
946.52	44.229
947.48	45.229
948.441	47.479
949.401	48.229
950.362	50.729
951.322	53.229
952.283	55.729
953.227	59.729
954.187	63.979
955.147	71.229
956.108	78.979
957.068	90.729
958.012	98.229
958.973	117.479
959.933	143.979
960.893	188.479
961.837	258.479
962.798	380.979
963.758	589.229
964.702	888.479
965.662	1167.98
966.623	1258.98
967.566	1121.23
968.527	865.229
969.487	620.229
970.431	439.229
971.391	319.479
972.352	239.729
973.295	187.479
974.256	151.229
975.2	126.729
976.16	107.729
977.121	94.479
978.064	83.979
979.025	75.979
979.968	68.979
980.929	63.729
981.872	59.979
982.833	56.729
983.776	53.479
984.737	50.979
985.681	48.979
986.641	46.979
987.585	46.979
988.545	43.729
989.489	43.479
990.432	41.979
991.393	41.479
992.337	40.729
993.297	39.729
994.241	39.729
995.201	38.729
996.145	38.229
997.088	37.479
998.049	36.979
998.992	36.729
999.936	36.479
1000.9	35.729
1001.84	35.479
1002.78	35.229
1003.73	34.979
1004.69	34.979
1005.63	34.229
1006.58	33.479
1007.54	34.229
1008.48	33.729
1009.42	32.979
1010.37	33.229
1011.18	33.729
1012.14	32.979
1013.1	32.729
1014.06	32.979
1015.02	32.479
1015.98	32.979
1016.94	32.979
1017.9	32.479
1018.86	33.229
1019.82	32.729
1020.78	32.229
1021.74	32.729
1022.7	32.479
1023.66	31.9789
1024.61	32.479
1025.57	32.229
1026.53	32.479
1027.49	31.9789
1028.45	32.479
1029.41	32.479
1030.37	32.729
1031.33	32.229
1032.29	32.729
1033.25	32.479
1034.19	32.479
1035.15	33.229
1036.11	32.979
1037.07	32.479
1038.04	32.979
1039	33.229
1039.94	33.479
1040.9	33.229
1041.86	33.729
1042.82	33.479
1043.76	33.979
1044.72	33.729
1045.69	33.979
1046.65	33.979
1047.59	34.229
1048.55	34.229
1049.51	34.729
1050.45	34.979
1051.41	34.479
1052.38	34.979
1053.34	34.729
1054.28	34.729
1055.24	34.979
1056.18	34.479
1057.14	35.479
1058.1	34.979
1059.05	35.229
1060.01	34.979
1060.97	35.229
1061.91	34.979
1062.87	35.229
1063.82	35.229
1064.78	35.479
1065.72	35.229
1066.68	35.479
1067.62	35.729
1068.59	36.479
1069.55	35.979
1070.49	35.979
1071.43	36.229
1072.39	35.979
1073.34	36.479
1074.3	36.229
1075.24	36.229
1076.2	35.979
1077.15	36.729
1078.11	36.979
1079.05	36.229
1079.99	36.979
1080.95	37.479
1081.9	37.479
1082.86	38.479
1083.8	37.979
1084.74	37.479
1085.71	38.729
1086.65	38.229
1087.59	38.229
1088.55	38.229
1089.5	38.229
1090.44	38.729
1091.4	38.979
1092.34	38.479
1093.29	38.729
1094.25	38.729
1095.19	38.479
1096.14	38.979
1097.08	39.229
1098.04	38.479
1098.98	38.729
1099.93	38.729
1100.87	38.979
1101.81	38.479
1102.77	39.229
1103.72	38.979
1104.66	38.979
1105.61	38.729
1106.55	38.479
1107.49	38.729
1108.45	38.729
1109.4	38.979
1110.34	38.729
1111.28	38.729
1112.23	38.979
1113.17	38.479
1114.12	38.979
1115.06	38.979
1116	39.229
1116.95	38.729
1117.89	39.229
1118.83	39.229
1119.78	39.229
1120.74	39.479
1121.68	39.229
1122.61	38.979
1123.57	39.479
1124.5	38.979
1125.44	39.479
1126.38	39.229
1127.33	39.479
1128.27	39.479
1129.21	39.479
1130.16	38.729
1131.1	39.229
1132.04	39.229
1132.99	38.479
1133.93	38.979
1134.88	38.479
1135.82	38.479
1136.75	37.729
1137.69	37.729
1138.63	37.479
1139.58	36.979
1140.52	37.479
1141.46	37.479
1142.39	37.229
1143.33	36.979
1144.28	36.979
1145.22	36.479
1146.17	36.979
1147.09	36.729
1148.04	36.979
1148.98	35.729
1149.91	36.229
1150.85	35.479
1151.79	35.729
1152.74	36.229
1153.66	36.229
1154.61	35.729
1155.55	35.479
1156.48	35.479
1157.42	35.479
1158.36	35.229
1159.29	34.979
1160.24	34.979
1161.18	34.979
1162.11	35.229
1163.05	35.229
1163.98	34.979
1164.92	34.729
1165.86	34.729
1166.79	34.979
1167.73	34.979
1168.66	35.229
1169.6	34.979
1170.53	34.979
1171.47	34.229
1172.4	34.479
1173.34	34.229
1174.27	34.729
1175.22	34.229
1176.14	34.479
1177.09	33.979
1178.01	34.479
1178.96	34.729
1179.88	33.979
1180.83	33.979
1181.75	33.979
1182.68	34.229
1183.62	34.479
1184.55	34.479
1185.49	34.229
1186.42	34.979
1187.35	34.229
1188.29	34.229
1189.22	34.229
1190.14	34.229
1191.09	33.979
1192.02	33.979
1192.94	33.729
1193.89	33.979
1194.81	34.229
1195.74	33.979
1196.68	33.729
1197.61	34.229
1198.54	33.729
1199.46	33.979
1200.41	34.229
1201.33	34.479
1202.26	33.979
1203.19	34.229
1204.11	33.479
1205.06	33.729
1205.98	34.229
1206.91	33.979
1207.84	33.729
1208.76	33.729
1209.71	33.729
1210.64	33.729
1211.56	33.479
1212.49	34.479
1213.42	33.979
1214.34	33.729
1215.27	33.729
1216.2	33.979
1217.12	33.979
1218.05	34.229
1218.99	33.979
1219.92	34.479
1220.85	33.729
1221.77	33.479
1222.7	33.729
1223.63	33.979
1224.55	33.979
1225.48	33.729
1226.41	33.729
1227.33	33.729
1228.26	34.479
1229.19	34.729
1230.11	34.229
1231.04	33.979
1231.97	33.979
1232.88	34.729
1233.8	34.229
1234.73	34.229
1235.66	33.729
1236.58	33.979
1237.51	33.979
1238.44	33.729
1239.37	33.729
1240.29	33.479
1241.2	33.229
1242.13	33.479
1243.06	32.979
1243.98	33.729
1244.91	32.729
1245.82	33.729
1246.75	33.229
1247.67	32.979
1248.6	33.229
1249.53	32.729
1250.44	32.979
1251.36	32.729
1252.29	32.979
1253.22	32.479
1254.13	32.479
1255.05	32.979
1255.98	32.229
1256.89	32.229
1257.82	32.979
1258.74	32.979
1259.65	32.229
1260.58	32.729
1261.51	31.9789
1262.42	33.229
1263.34	32.979
1264.27	32.729
1265.18	33.229
1266.11	33.729
1267.02	32.979
1267.94	32.979
1268.87	33.479
1269.78	33.229
1270.71	32.729
1271.62	33.479
1272.54	33.229
1273.45	33.979
1274.38	33.229
1275.29	33.979
1276.22	33.729
1277.13	33.729
1278.05	33.979
1278.96	33.979
1279.89	34.479
1280.8	34.229
1281.73	34.479
1282.64	34.479
1283.56	34.979
1284.47	34.479
1285.38	34.729
1286.31	35.229
1287.22	34.479
1288.13	35.229
1289.06	35.479
1289.97	35.979
1290.89	35.979
1291.8	36.229
1292.71	36.479
1293.64	36.479
1294.55	35.979
1295.46	36.479
1296.39	36.729
1297.3	37.229
1298.21	37.229
1299.12	36.979
1300.04	36.979
1300.95	37.479
1301.86	37.229
1302.77	37.979
1303.7	38.979
1304.61	38.479
1305.52	38.979
1306.43	38.979
1307.36	39.229
1308.27	40.479
1309.18	40.229
1310.09	39.979
1311	40.729
1311.91	41.229
1312.83	41.479
1313.74	41.729
1314.65	41.979
1315.56	41.979
1316.47	42.979
1317.38	42.479
1318.29	43.479
1319.2	43.479
1320.11	44.729
1321.02	45.229
1321.95	45.229
1322.86	46.229
1323.77	47.229
1324.68	47.479
1325.59	47.979
1326.5	48.229
1327.41	49.729
1328.32	50.229
1329.23	50.729
1330.14	51.729
1331.05	50.979
1331.94	51.729
1332.85	53.229
1333.76	53.229
1334.67	53.979
1335.58	54.979
1336.49	54.979
1337.4	54.979
1338.31	56.229
1339.22	56.229
1340.13	56.729
1341.04	57.479
1341.93	57.729
1342.84	58.479
1343.75	57.479
1344.66	58.229
1345.57	58.479
1346.48	58.729
1347.38	59.229
1348.29	57.729
1349.2	58.729
1350.11	57.729
1351.02	56.979
1351.91	57.729
1352.82	56.479
1353.73	56.729
1354.64	55.979
1355.53	55.729
1356.44	55.729
1357.35	55.729
1358.25	54.479
1359.16	54.479
1360.07	53.729
1360.96	53.229
1361.87	51.979
1362.78	51.479
1363.67	50.479
1364.58	50.229
1365.49	49.479
1366.38	49.229
1367.29	48.479
1368.19	47.729
1369.1	47.479
1370.01	46.979
1370.9	46.229
1371.81	45.979
1372.7	45.729
1373.61	44.979
1374.51	44.229
1375.42	43.479
1376.31	43.229
1377.22	42.479
1378.11	42.479
1379.02	41.979
1379.92	41.729
1380.83	40.979
1381.72	41.229
1382.63	40.729
1383.52	41.229
1384.43	40.479
1385.32	40.229
1386.23	40.479
1387.13	39.479
1388.02	38.979
1388.93	38.729
1389.82	38.479
1390.72	38.729
1391.63	38.729
1392.52	37.729
1393.43	37.729
1394.32	37.979
1395.22	36.979
1396.13	37.479
1397.02	37.479
1397.91	37.229
1398.8	37.229
1399.71	36.729
1400.61	36.729
1401.5	37.229
1402.41	36.729
1403.3	36.229
1404.2	36.229
1405.09	35.729
1406	35.979
1406.89	36.229
1407.79	35.479
1408.68	36.479
1409.57	35.729
1410.48	35.479
1411.38	35.229
1412.27	35.229
1413.16	35.479
1414.05	35.479
1414.95	34.979
1415.84	34.979
1416.75	34.229
1417.64	34.479
1418.54	34.479
1419.43	34.729
1420.32	33.979
1421.22	33.479
1422.11	33.979
1423	34.729
1423.9	33.479
1424.79	33.479
1425.68	33.729
1426.57	33.979
1427.47	33.479
1428.36	33.479
1429.25	33.479
1430.15	33.479
1431.04	33.729
1431.93	33.479
1432.83	33.479
1433.72	32.979
1434.61	32.729
1435.51	32.979
1436.4	32.479
1437.29	32.729
1438.18	31.9789
1439.08	32.479
1439.97	32.729
1440.85	32.229
1441.74	31.9789
1442.63	32.479
1443.53	32.479
1444.42	32.729
1445.31	31.4789
1446.21	31.9789
1447.08	31.9789
1447.97	32.479
1448.87	31.7289
1449.76	31.9789
1450.65	31.9789
1451.53	31.9789
1452.42	32.229
1453.32	32.229
1454.21	31.9789
1455.09	31.7289
1455.98	31.9789
1456.87	31.9789
1457.75	31.9789
1458.64	32.229
1459.53	32.229
1460.43	31.9789
1461.3	32.479
1462.2	32.229
1463.09	32.479
1463.97	32.729
1464.86	32.479
1465.74	32.979
1466.63	32.979
1467.52	34.229
1468.4	34.479
1469.29	34.979
1470.18	35.729
1471.06	36.479
1471.95	37.979
1472.83	37.729
1473.72	38.729
1474.6	39.979
1475.49	40.729
1476.37	41.479
1477.26	41.729
1478.14	41.979
1479.03	42.479
1479.91	41.729
1480.8	41.979
1481.68	41.729
1482.57	41.479
1483.45	41.729
1484.34	41.979
1485.21	41.229
1486.11	42.479
1486.98	41.729
1487.86	41.729
1488.75	42.729
1489.63	42.479
1490.52	42.479
1491.4	42.229
1492.27	43.229
1493.17	43.479
1494.04	43.479
1494.94	43.979
1495.81	44.479
1496.69	45.229
1497.57	45.479
1498.46	46.729
1499.34	47.729
1500.21	48.729
1501.1	49.479
1501.98	51.229
1502.86	52.729
1503.73	53.729
1504.63	54.729
1505.5	56.229
1506.38	57.479
1507.25	57.979
1508.15	60.479
1509.02	61.729
1509.9	63.729
1510.78	64.729
1511.65	67.229
1512.53	69.979
1513.42	71.729
1514.3	73.229
1515.17	74.229
1516.05	74.979
1516.93	74.729
1517.8	73.729
1518.68	73.979
1519.57	71.729
1520.45	69.729
1521.33	68.729
1522.2	66.729
1523.08	65.479
1523.95	65.979
1524.83	65.479
1525.71	64.479
1526.58	64.229
1527.46	64.979
1528.33	65.229
1529.21	66.229
1530.09	65.979
1530.96	66.979
1531.84	66.479
1532.72	66.729
1533.59	65.979
1534.47	65.729
1535.34	64.979
1536.22	64.479
1537.1	62.729
1537.97	62.229
1538.83	61.479
1539.71	61.729
1540.59	60.729
1541.46	61.229
1542.34	60.729
1543.21	60.729
1544.09	60.979
1544.97	60.479
1545.83	59.979
1546.7	59.479
1547.58	59.229
1548.45	57.229
1549.33	55.979
1550.19	54.729
1551.07	54.979
1551.94	53.979
1552.82	52.979
1553.69	52.229
1554.55	51.979
1555.43	52.229
1556.31	51.729
1557.17	51.729
1558.04	50.979
1558.92	50.979
1559.79	50.729
1560.65	49.729
1561.53	50.479
1562.41	50.479
1563.27	49.979
1564.14	48.979
1565.02	48.729
1565.88	47.479
1566.75	47.229
1567.61	46.729
1568.49	46.979
1569.37	46.979
1570.23	46.479
1571.1	46.229
1571.96	46.229
1572.84	46.729
1573.7	45.729
1574.57	45.979
1575.45	45.479
1576.31	45.729
1577.18	45.979
1578.04	45.729
1578.92	45.979
1579.78	45.229
1580.66	45.479
1581.52	45.979
1582.39	45.479
1583.25	44.729
1584.13	44.479
1584.99	44.729
1585.85	43.729
1586.72	43.729
1587.58	43.479
1588.46	43.229
1589.32	42.729
1590.18	43.479
1591.05	43.479
1591.91	43.479
1592.79	43.479
1593.65	42.979
1594.51	43.229
1595.38	42.979
1596.24	43.229
1597.1	43.229
1597.98	43.229
1598.84	42.979
1599.7	43.229
1600.56	43.229
1601.43	43.479
1602.29	42.729
1603.15	42.979
1604.03	42.979
1604.89	43.479
1605.75	44.229
1606.61	43.729
1607.46	44.479
1608.34	44.229
1609.2	44.479
1610.06	45.229
1610.92	44.979
1611.78	44.479
1612.65	44.979
1613.51	45.229
1614.37	44.729
1615.23	45.729
1616.09	44.729
1616.95	44.729
1617.81	43.979
1618.69	43.479
1619.55	43.729
1620.41	43.479
1621.27	42.979
1622.12	42.479
1622.98	42.229
1623.84	42.229
1624.7	41.979
1625.56	41.729
1626.42	41.729
1627.28	41.229
1628.14	41.729
1629	40.979
1629.86	40.979
1630.72	40.229
1631.58	39.979
1632.44	38.979
1633.3	38.979
1634.16	38.979
1635.02	38.479
1635.87	37.479
1636.73	38.229
1637.59	37.479
1638.45	37.229
1639.3	37.479
1640.15	36.729
1641.01	37.229
1641.87	36.229
1642.73	36.479
1643.59	36.229
1644.45	35.979
1645.29	35.729
1646.15	35.479
1647.01	35.479
1647.87	35.479
1648.73	34.979
1649.59	35.229
1650.43	34.479
1651.29	34.979
1652.15	34.479
1653.01	33.979
1653.85	34.479
1654.71	33.479
1655.57	33.479
1656.43	32.979
1657.28	32.729
1658.13	32.479
1658.99	33.229
1659.84	32.729
1660.7	32.479
1661.56	32.229
1662.4	32.729
1663.26	32.229
1664.12	31.7289
1664.96	31.7289
1665.82	32.479
1666.68	32.479
1667.52	33.229
1668.38	32.979
1669.22	32.979
1670.08	33.729
1670.94	33.729
1671.78	33.979
1672.64	34.479
1673.49	34.479
1674.34	35.479
1675.19	35.229
1676.05	35.229
1676.89	35.729
1677.75	35.979
1678.59	36.979
1679.45	36.729
1680.29	36.979
1681.15	37.979
1681.99	38.229
1682.85	38.729
1683.7	39.479
1684.56	39.979
1685.4	40.229
1686.26	39.729
1687.1	40.229
1687.94	39.479
1688.8	39.979
1689.64	39.479
1690.5	39.729
1691.35	39.479
1692.19	39.229
1693.05	38.479
1693.89	39.479
1694.73	39.229
1695.59	39.479
1696.44	39.979
1697.28	40.229
1698.14	40.979
1698.98	40.979
1699.82	41.229
1700.67	41.979
1701.52	41.729
1702.37	42.729
1703.21	42.479
1704.07	43.479
1704.91	43.979
1705.75	43.729
1706.6	44.229
1707.44	45.229
1708.3	46.229
1709.14	46.229
1709.98	46.229
1710.83	47.229
1711.67	47.979
1712.51	47.729
1713.37	48.729
1714.21	48.729
1715.06	48.979
1715.9	48.979
1716.74	47.729
1717.58	47.479
1718.43	46.979
1719.27	45.729
1720.13	45.729
1720.97	45.979
1721.81	44.729
1722.66	44.979
1723.5	42.979
1724.34	42.479
1725.18	42.229
1726.03	42.479
1726.87	41.229
1727.71	40.979
1728.55	40.979
1729.4	39.979
1730.24	39.729
1731.08	38.979
1731.92	39.729
1732.77	38.979
1733.61	38.229
1734.45	37.979
1735.29	38.229
1736.12	37.979
1736.96	37.229
1737.8	36.979
1738.65	37.729
1739.49	36.979
1740.33	37.479
1741.17	37.229
1742.02	36.979
1742.86	36.979
1743.68	36.729
1744.53	36.229
1745.37	35.729
1746.21	36.229
1747.05	35.979
1747.9	35.729
1748.72	36.479
1749.57	35.979
1750.41	35.729
1751.25	35.479
1752.08	35.729
1752.92	35.479
1753.76	35.479
1754.6	35.729
1755.43	35.479
1756.27	35.479
1757.11	34.479
1757.94	35.479
1758.78	35.479
1759.63	35.479
1760.45	35.229
1761.29	34.979
1762.14	35.479
1762.96	34.729
1763.8	34.979
1764.65	34.979
1765.47	34.479
1766.31	34.729
1767.16	34.729
1767.98	34.729
1768.83	34.729
1769.65	34.729
1770.49	34.479
1771.32	33.979
1772.16	33.979
1773	34.479
1773.83	34.229
1774.67	34.229
1775.5	33.729
1776.34	33.729
1777.17	33.979
1778.01	33.479
1778.83	33.479
1779.68	33.479
1780.5	33.229
1781.35	33.729
1782.17	33.729
1783	33.479
1783.84	33.729
1784.67	33.479
1785.51	33.479
1786.33	33.479
1787.16	33.729
1788	33.479
1788.83	33.479
1789.67	33.729
1790.5	33.479
1791.32	33.229
1792.16	33.229
1792.99	32.979
1793.81	33.479
1794.66	33.229
1795.48	33.479
1796.31	33.229
1797.15	33.229
1797.98	32.979
1798.8	32.979
1799.65	33.479
1800.47	32.979
1801.3	32.979
1802.12	32.979
1802.96	33.229
1803.79	32.729
1804.62	32.979
1805.44	33.229
1806.27	32.979
1807.11	32.479
1807.94	32.479
1808.76	32.979
1809.59	33.229
1810.41	32.979
1811.24	32.729
1812.08	32.979
1812.91	33.229
1813.73	33.229
1814.56	32.979
1815.38	32.729
1816.21	32.979
1817.03	32.229
1817.86	32.229
1818.7	32.979
1819.53	32.979
1820.35	32.729
1821.18	32.729
1822.01	32.729
1822.83	32.479
1823.66	32.729
1824.48	32.729
1825.31	32.479
1826.13	32.479
1826.96	32.229
1827.79	31.9789
1828.61	32.229
1829.44	32.479
1830.26	32.229
1831.09	32.229
1831.91	32.729
1832.74	32.479
1833.57	32.729
1834.37	32.729
1835.22	32.229
1836.06	32.229
1836.9	32.729
1837.73	32.229
1838.57	32.729
1839.41	32.479
1840.24	32.479
1841.08	32.229
1841.92	32.729
1842.75	32.479
1843.59	32.229
1844.43	32.479
1845.26	32.479
1846.1	32.229
1846.94	33.229
1847.77	31.9789
1848.61	32.479
1849.44	31.9789
1850.28	32.229
1851.12	32.479
1851.95	32.479
1852.79	32.479
1853.62	32.479
1854.46	32.229
1855.29	32.229
1856.13	32.229
1856.97	32.229
1857.8	32.729
1858.64	32.479
1859.46	32.479
1860.31	32.479
1861.13	32.729
1861.98	32.479
1862.8	32.229
1863.63	32.729
1864.47	32.229
1865.29	32.229
1866.14	31.9789
1866.96	32.479
1867.81	32.479
1868.63	32.229
1869.47	32.729
1870.3	32.229
1871.13	32.479
1871.97	32.479
1872.79	31.9789
1873.64	32.479
1874.46	32.729
1875.29	32.479
1876.13	32.479
1876.96	32.479
1877.78	31.9789
1878.62	32.229
1879.45	31.9789
1880.27	32.229
1881.12	32.229
1881.94	32.479
1882.77	32.229
1883.59	31.9789
1884.44	31.9789
1885.26	32.229
1886.09	31.9789
1886.91	31.7289
1887.76	31.9789
1888.58	31.9789
1889.41	32.229
1890.23	31.9789
1891.08	31.7289
1891.9	32.479
1892.73	31.7289
1893.55	31.9789
1894.38	31.2289
1895.22	31.7289
1896.05	32.229
1896.87	31.9789
1897.7	31.4789
1898.52	31.9789
1899.35	31.9789
1900.18	31.9789
1901.02	31.4789
1901.84	31.9789
1902.67	31.7289
1903.49	31.4789
1904.32	31.4789
1905.15	32.229
1905.97	31.4789
1906.8	31.7289
1907.62	31.4789
1908.45	31.2289
1909.27	31.7289
1910.1	31.7289
1910.93	31.2289
1911.75	31.2289
1912.58	31.4789
1913.4	31.2289
1914.23	31.2289
1915.05	30.9789
1915.88	30.9789
1916.71	30.7289
1917.53	31.2289
1918.36	31.2289
1919.18	31.2289
1920.01	30.9789
1920.83	30.9789
1921.66	30.9789
1922.49	30.7289
1923.31	31.4789
1924.14	30.4789
1924.96	30.4789
1925.79	30.4789
1926.6	30.7289
1927.42	30.4789
1928.25	29.9789
1929.07	29.7289
1929.9	29.9789
1930.73	29.7289
1931.55	29.4789
1932.36	29.2289
1933.19	28.9789
1934.01	29.4789
1934.84	28.9789
1935.66	28.4789
1936.47	28.9789
1937.3	28.4789
1938.12	27.7289
1938.95	27.9789
1939.76	27.7289
1940.58	27.9789
1941.41	27.7289
1942.23	27.7289
1943.04	27.4789
1943.87	27.4789
1944.69	27.2289
1945.52	27.4789
1946.33	27.7289
1947.15	27.4789
1947.98	27.2289
1948.79	27.4789
1949.61	27.4789
1950.44	26.9789
1951.25	27.4789
1952.07	27.4789
1952.9	27.2289
1953.71	27.4789
1954.54	27.4789
1955.34	27.2289
1956.17	27.2289
1957	26.9789
1957.8	27.2289
1958.63	27.7289
1959.44	26.7289
1960.26	27.2289
1961.07	26.9789
1961.9	27.2289
1962.71	27.2289
1963.53	27.2289
1964.36	26.9789
1965.17	27.4789
1965.99	27.2289
1966.8	26.7289
1967.63	27.2289
1968.44	26.7289
1969.26	27.2289
1970.07	26.7289
1970.88	26.7289
1971.71	27.2289
1972.51	27.7289
1973.34	27.2289
1974.15	27.2289
1974.97	27.2289
1975.78	26.9789
1976.59	27.4789
1977.42	27.4789
1978.23	26.7289
1979.05	27.2289
1979.86	26.9789
1980.67	27.2289
1981.5	26.7289
1982.3	26.9789
1983.11	26.9789
1983.94	26.9789
1984.75	27.2289
1985.56	27.2289
1986.38	26.7289
1987.19	26.9789
1988	26.7289
1988.83	26.9789
1989.63	26.9789
1990.44	26.9789
1991.25	27.2289
1992.08	27.7289
1992.89	26.9789
1993.7	26.9789
1994.5	27.2289
1995.33	26.9789
1996.14	26.9789
1996.95	26.4789
1997.76	26.7289
1998.58	26.7289
1999.39	27.4789
2000.2	27.2289
2001.01	26.7289
2001.82	26.9789
2002.63	26.7289
2003.45	27.2289
2004.26	26.4789
2005.07	27.4789
2005.88	27.2289
2006.69	26.9789
2007.5	26.7289
2008.31	26.9789
2009.13	27.2289
2009.94	26.7289
2010.75	27.2289
2011.56	27.2289
2012.37	27.4789
2013.17	26.9789
2013.98	26.9789
2014.79	27.2289
2015.6	26.7289
2016.41	27.2289
2017.22	26.9789
2018.03	26.7289
2018.84	27.4789
2019.65	27.2289
2020.45	26.9789
2021.26	26.9789
2022.07	27.4789
2022.88	27.4789
2023.69	26.4789
2024.5	26.9789
2025.31	27.2289
2026.12	27.2289
2026.93	26.9789
2027.73	27.4789
2028.54	26.9789
2029.35	27.2289
2030.14	27.2289
2030.95	26.9789
2031.76	26.9789
2032.57	26.9789
2033.38	27.2289
2034.19	27.2289
2035	27.2289
2035.79	27.2289
2036.6	27.2289
2037.41	27.2289
2038.21	27.2289
2039.02	27.2289
2039.83	26.7289
2040.62	26.9789
2041.43	26.7289
2042.24	26.9789
2043.05	26.9789
2043.86	27.2289
2044.65	27.2289
2045.46	27.2289
2046.27	26.9789
2047.08	27.2289
2047.87	26.9789
2048.68	26.9789
2049.49	27.2289
2050.28	26.9789
2051.09	27.2289
2051.9	26.9789
2052.71	26.7289
2053.5	27.2289
2054.31	27.4789
2055.12	26.9789
2055.91	27.4789
2056.72	26.7289
2057.51	27.2289
2058.32	26.9789
2059.13	27.4789
2059.92	27.4789
2060.73	27.4789
2061.54	27.2289
2062.33	26.4789
2063.14	26.9789
2063.93	27.2289
2064.74	27.2289
2065.53	27.4789
2066.34	27.4789
2067.15	27.2289
2067.94	26.9789
2068.75	27.2289
2069.54	27.2289
2070.35	26.9789
2071.14	26.9789
2071.95	26.9789
2072.74	26.9789
2073.55	26.7289
2074.34	27.4789
2075.15	27.4789
2075.94	27.2289
2076.75	26.9789
2077.54	26.9789
2078.34	26.9789
2079.14	26.9789
2079.94	26.9789
2080.75	27.4789
2081.54	27.2289
2082.35	27.2289
2083.14	27.2289
2083.93	27.2289
2084.74	27.4789
2085.53	27.2289
2086.32	26.9789
2087.13	27.2289
2087.92	27.2289
2088.73	27.2289
2089.52	26.7289
2090.32	26.9789
2091.11	26.9789
2091.92	27.4789
2092.71	27.4789
2093.5	26.9789
2094.31	26.9789
2095.1	26.9789
2095.89	26.9789
2096.69	26.9789
2097.5	26.9789
2098.29	26.9789
2099.08	27.2289
2099.89	26.9789
2100.68	27.4789
2101.47	27.4789
2102.26	27.4789
2103.06	26.9789
2103.86	26.4789
2104.66	26.9789
2105.45	27.2289
2106.24	27.2289
2107.03	26.9789
2107.82	26.9789
2108.63	27.4789
2109.43	26.9789
2110.22	27.2289
2111.01	27.2289
2111.8	27.2289
2112.59	26.9789
2113.39	27.4789
2114.18	27.2289
2114.99	26.7289
2115.78	27.4789
2116.57	26.9789
2117.36	26.9789
2118.15	27.2289
2118.95	27.2289
2119.74	27.2289
2120.53	27.2289
2121.32	27.2289
2122.11	27.4789
2122.91	27.7289
2123.7	27.4789
2124.49	26.9789
2125.28	26.9789
2126.07	27.4789
2126.87	27.2289
2127.66	27.4789
2128.45	26.9789
2129.24	26.7289
2130.03	27.2289
2130.83	27.2289
2131.62	26.4789
2132.41	27.2289
2133.2	26.9789
2133.98	26.9789
2134.77	26.9789
2135.56	27.7289
2136.35	26.9789
2137.14	26.9789
2137.94	26.9789
2138.73	26.9789
2139.52	27.2289
2140.3	26.9789
2141.09	26.9789
2141.88	26.9789
2142.67	26.9789
2143.46	26.9789
2144.26	27.2289
2145.03	27.2289
2145.82	26.9789
2146.61	26.9789
2147.41	27.4789
2148.2	27.4789
2148.97	27.2289
2149.77	27.2289
2150.56	27.2289
2151.35	26.9789
2152.12	26.9789
2152.92	27.4789
2153.71	26.9789
2154.48	26.7289
2155.28	26.4789
2156.07	26.7289
2156.86	26.9789
2157.63	27.4789
2158.43	26.4789
2159.22	27.2289
2159.99	26.7289
2160.79	27.2289
2161.58	27.2289
2162.35	26.9789
2163.14	26.9789
2163.92	27.2289
2164.71	26.9789
2165.5	26.2289
2166.28	26.9789
2167.07	27.2289
2167.85	26.9789
2168.64	27.2289
2169.43	27.2289
2170.21	26.9789
2171	27.4789
2171.77	27.2289
2172.56	27.2289
2173.34	26.9789
2174.13	27.4789
2174.91	27.2289
2175.7	27.4789
2176.47	26.9789
2177.27	27.2289
2178.04	27.7289
2178.83	27.2289
2179.61	27.4789
2180.4	27.4789
2181.17	26.9789
2181.97	27.2289
2182.74	26.9789
2183.53	27.2289
2184.31	26.9789
2185.08	26.7289
2185.88	27.2289
2186.65	26.9789
2187.44	27.2289
2188.22	26.9789
2188.99	26.9789
2189.79	26.9789
2190.56	26.9789
2191.34	27.2289
2192.13	26.9789
2192.9	26.7289
2193.68	26.9789
2194.47	26.7289
2195.24	26.7289
2196.02	27.2289
2196.81	26.9789
2197.59	26.9789
2198.36	26.9789
2199.15	26.4789
2199.93	27.4789
2200.7	26.9789
2201.48	26.9789
2202.27	27.2289
2203.05	26.9789
2203.82	26.9789
2204.6	27.2289
2205.39	26.9789
2206.16	27.2289
2206.94	26.9789
2207.71	26.7289
2208.49	27.2289
2209.28	27.4789
2210.06	27.2289
2210.83	27.2289
2211.61	26.7289
2212.38	26.7289
2213.16	26.9789
2213.95	27.2289
2214.72	27.2289
2215.5	27.2289
2216.27	26.7289
2217.05	27.2289
2217.82	27.2289
2218.6	26.9789
2219.37	27.2289
2220.15	26.9789
2220.94	26.9789
2221.72	26.7289
2222.49	27.2289
2223.27	26.9789
2224.04	27.4789
2224.82	27.2289
2225.59	27.2289
2226.37	26.7289
2227.14	26.9789
2227.92	26.7289
2228.69	27.4789
2229.47	26.9789
2230.24	26.9789
2231.02	27.4789
2231.79	26.7289
2232.57	26.9789
2233.34	27.4789
2234.12	27.2289
2234.89	27.4789
2235.65	27.2289
2236.43	26.9789
2237.2	27.2289
2237.98	26.7289
2238.75	27.2289
2239.53	27.2289
2240.3	26.7289
2241.08	26.7289
2241.85	27.2289
2242.61	26.9789
2243.39	27.2289
2244.16	27.2289
2244.94	27.4789
2245.71	27.2289
2246.49	26.7289
2247.25	27.2289
2248.02	27.2289
2248.8	27.2289
2249.57	26.9789
2250.35	27.2289
2251.1	27.2289
2251.88	27.2289
2252.65	26.9789
2253.43	27.2289
2254.2	26.9789
2254.96	27.2289
2255.74	26.7289
2256.51	27.4789
2257.27	26.9789
2258.05	27.2289
2258.82	27.4789
2259.58	27.4789
2260.36	27.2289
2261.13	27.2289
2261.91	27.2289
2262.66	27.2289
2263.44	27.4789
2264.21	27.4789
2264.97	27.4789
2265.75	26.7289
2266.51	26.9789
2267.28	26.9789
2268.06	26.9789
2268.81	27.2289
2269.59	27.4789
2270.35	27.4789
2271.12	26.9789
2271.9	27.4789
2272.66	26.9789
2273.43	27.2289
2274.19	27.2289
2274.96	27.2289
2275.72	27.4789
2276.5	27.2289
2277.26	26.7289
2278.03	27.2289
2278.81	26.9789
2279.56	26.9789
2280.34	26.9789
2281.1	26.7289
2281.87	26.9789
2282.63	26.9789
2283.39	27.4789
2284.17	27.2289
2284.92	27.4789
2285.7	27.4789
2286.46	27.2289
2287.23	27.2289
2287.99	27.2289
2288.77	27.2289
2289.52	27.7289
2290.28	27.4789
2291.06	27.4789
2291.82	27.4789
2292.57	27.4789
2293.35	27.2289
2294.11	27.2289
2294.87	27.2289
2295.64	27.2289
2296.4	26.9789
2297.17	27.2289
2297.93	27.2289
2298.69	27.4789
2299.45	27.4789
2300.22	27.4789
2300.98	27.2289
2301.74	27.4789
2302.52	27.2289
2303.27	27.4789
2304.03	27.2289
2304.79	26.9789
2305.57	27.2289
2306.32	27.2289
2307.08	27.2289
2307.84	27.2289
2308.62	27.4789
2309.37	26.9789
2310.13	27.2289
2310.89	27.2289
2311.65	27.4789
2312.42	27.2289
2313.18	26.9789
2313.94	27.2289
2314.7	27.4789
2315.46	27.2289
2316.21	26.9789
2316.99	26.9789
2317.75	26.7289
2318.51	26.9789
2319.26	26.9789
2320.02	27.4789
2320.78	27.2289
2321.54	26.9789
2322.3	27.4789
2323.06	26.9789
2323.81	26.9789
2324.57	27.2289
2325.35	27.2289
2326.11	27.2289
2326.86	27.2289
2327.62	26.9789
2328.38	27.2289
2329.14	27.9789
2329.9	27.2289
2330.66	27.7289
2331.41	27.2289
2332.17	27.4789
2332.93	27.4789
2333.69	26.9789
2334.45	26.7289
2335.21	26.9789
2335.96	26.4789
2336.72	27.2289
2337.46	27.4789
2338.22	26.9789
2338.98	27.4789
2339.74	27.4789
2340.5	27.2289
2341.25	27.4789
2342.01	26.9789
2342.77	26.9789
2343.53	27.2289
2344.29	26.9789
2345.03	26.9789
2345.79	27.4789
2346.55	27.2289
2347.3	26.9789
2348.06	27.2289
2348.82	26.7289
2349.56	27.4789
2350.32	26.9789
2351.08	26.4789
2351.84	26.9789
2352.59	27.2289
2353.34	27.2289
2354.09	26.4789
2354.85	27.2289
2355.61	27.4789
2356.37	27.2289
2357.11	26.9789
2357.87	26.9789
2358.63	26.7289
2359.37	26.7289
2360.13	26.4789
2360.89	26.9789
2361.64	26.7289
2362.39	26.7289
2363.14	26.9789
2363.9	26.7289
2364.64	26.7289
2365.4	27.2289
2366.16	26.7289
2366.9	26.7289
2367.66	26.9789
2368.42	26.9789
2369.16	26.9789
2369.92	26.9789
2370.66	26.9789
2371.42	26.9789
2372.18	26.9789
2372.92	27.2289
2373.68	27.2289
2374.42	26.7289
2375.17	27.2289
2375.92	26.9789
2376.67	27.2289
2377.43	27.4789
2378.17	27.2289
2378.93	27.2289
2379.67	27.2289
2380.43	27.4789
2381.17	27.4789
2381.93	27.4789
2382.67	27.2289
2383.43	27.2289
2384.17	27.2289
2384.93	26.9789
2385.67	26.9789
2386.43	26.9789
2387.17	26.9789
2387.91	27.2289
2388.67	27.2289
2389.41	26.9789
2390.17	26.7289
2390.91	26.9789
2391.67	26.9789
2392.41	27.4789
2393.15	27.2289
2393.91	27.2289
2394.65	26.9789
2395.4	26.9789
2396.15	26.4789
2396.9	27.4789
2397.65	27.2289
2398.39	26.9789
2399.14	26.9789
2399.89	26.7289
2400.64	27.2289
2401.38	26.7289
2402.12	26.9789
2402.88	26.9789
2403.62	26.9789
2404.36	26.7289
2405.12	26.9789
2405.86	26.9789
2406.6	27.4789
2407.34	26.9789
2408.1	26.9789
2408.84	26.9789
2409.58	26.9789
2410.32	27.2289
2411.07	27.2289
2411.82	27.2289
2412.57	26.9789
2413.31	27.4789
2414.05	26.9789
2414.79	26.9789
2415.55	26.9789
2416.29	26.9789
2417.03	27.2289
2417.77	26.9789
2418.51	26.7289
2419.26	26.9789
2420	27.2289
2420.76	26.7289
2421.5	27.2289
2422.24	27.2289
2422.98	26.9789
2423.72	27.2289
2424.46	26.7289
2425.2	27.4789
2425.95	26.7289
2426.69	26.7289
2427.43	27.4789
2428.17	26.9789
2428.91	26.9789
2429.67	26.9789
2430.39	27.4789
2431.15	26.7289
2431.89	26.9789
2432.64	26.9789
2433.38	26.9789
2434.12	27.2289
2434.86	26.9789
2435.58	26.7289
2436.33	27.2289
2437.07	27.2289
2437.81	26.7289
2438.55	26.9789
2439.29	27.2289
2440.03	26.9789
2440.77	26.9789
2441.52	26.7289
2442.26	27.4789
2443	27.2289
2443.74	27.2289
2444.48	27.2289
2445.21	26.9789
2445.95	26.9789
2446.69	27.2289
2447.43	27.2289
2448.17	26.7289
2448.91	26.7289
2449.65	26.9789
2450.38	26.9789
2451.12	26.7289
2451.86	26.9789
2452.6	27.4789
2453.34	26.7289
2454.07	26.9789
2454.81	26.9789
2455.55	26.7289
2456.29	26.4789
2457.03	26.9789
2457.76	26.9789
2458.5	26.9789
2459.24	26.7289
2459.97	26.9789
2460.71	26.9789
2461.45	26.9789
2462.19	26.7289
2462.92	26.9789
2463.66	26.7289
2464.4	26.9789
2465.12	27.2289
2465.86	27.2289
2466.61	26.9789
2467.33	26.7289
2468.07	27.2289
2468.81	26.7289
2469.54	27.2289
2470.28	26.9789
2471.02	27.7289
2471.75	26.9789
2472.49	26.7289
2473.21	27.2289
2473.95	26.9789
2474.69	27.4789
2475.42	26.7289
2476.16	27.2289
2476.88	27.2289
2477.63	26.9789
2478.35	27.2289
2479.09	27.2289
2479.82	26.9789
2480.56	26.9789
2481.28	26.9789
2482.02	26.4789
2482.77	26.7289
2483.49	26.7289
2484.21	27.2289
2484.96	26.7289
2485.68	26.4789
2486.42	26.9789
2487.15	26.4789
2487.89	26.7289
2488.61	26.7289
2489.35	26.7289
2490.08	26.7289
2490.82	26.4789
2491.54	26.7289
2492.27	26.4789
2493.01	26.4789
2493.74	26.4789
2494.48	26.2289
2495.2	26.4789
2495.93	26.4789
2496.67	26.4789
2497.39	26.4789
2498.12	26.4789
2498.86	26.7289
2499.58	26.4789
2500.31	26.4789
2501.05	26.4789
2501.77	26.4789
2502.5	26.2289
2503.24	26.4789
2503.96	26.4789
2504.69	26.4789
2505.43	26.4789
2506.15	26.7289
2506.88	26.2289
2507.6	26.2289
2508.34	26.7289
2509.07	26.7289
2509.79	26.4789
2510.52	26.4789
2511.26	26.2289
2511.98	26.2289
2512.71	26.4789
2513.43	26.4789
2514.16	26.4789
2514.9	26.4789
2515.62	26.4789
2516.35	26.4789
2517.07	26.4789
2517.8	26.2289
2518.52	26.4789
2519.25	26.4789
2519.99	26.7289
2520.71	26.2289
2521.44	26.7289
2522.16	26.4789
2522.89	26.2289
2523.61	26.2289
2524.34	26.4789
2525.06	26.2289
2525.78	26.2289
2526.51	25.9789
2527.25	26.2289
2527.98	26.4789
2528.7	26.4789
2529.42	26.2289
2530.15	26.4789
2530.87	25.9789
2531.6	26.2289
2532.32	26.7289
2533.05	26.4789
2533.77	26.2289
2534.5	26.2289
2535.22	26.7289
2535.95	26.4789
2536.67	26.2289
2537.39	26.2289
2538.12	26.2289
2538.84	25.9789
2539.55	26.2289
2540.28	26.4789
2541	26.2289
2541.73	26.4789
2542.45	25.9789
2543.17	25.7289
2543.9	25.9789
2544.62	26.7289
2545.35	25.9789
2546.07	25.9789
2546.78	26.2289
2547.51	26.4789
2548.23	25.7289
2548.95	26.4789
2549.68	26.4789
2550.4	26.2289
2551.13	26.4789
2551.84	26.2289
2552.12	26.4789
2552.86	26.7289
2553.59	26.4789
2554.33	25.9789
2555.07	26.2289
2555.8	26.4789
2556.54	26.2289
2557.26	26.2289
2558	26.4789
2558.73	26.2289
2559.47	26.4789
2560.19	26.2289
2560.94	25.9789
2561.66	26.2289
2562.4	25.7289
2563.13	26.7289
2563.87	26.7289
2564.59	26.4789
2565.33	26.4789
2566.06	26.2289
2566.8	26.2289
2567.52	25.7289
2568.26	26.7289
2568.99	26.4789
2569.71	26.7289
2570.46	26.9789
2571.18	26.4789
2571.92	26.4789
2572.65	26.4789
2573.39	26.4789
2574.11	26.7289
2574.84	26.4789
2575.58	26.2289
2576.3	26.7289
2577.03	26.4789
2577.77	26.7289
2578.49	26.4789
2579.23	26.4789
2579.96	26.7289
2580.68	26.7289
2581.43	26.7289
2582.15	26.7289
2582.87	26.7289
2583.6	26.7289
2584.34	26.7289
2585.06	26.7289
2585.79	26.7289
2586.53	26.7289
2587.26	26.4789
2587.98	26.4789
2588.7	26.4789
2589.45	26.4789
2590.17	26.7289
2590.9	26.9789
2591.62	26.9789
2592.36	27.2289
2593.09	26.7289
2593.81	27.2289
2594.53	26.9789
2595.26	26.9789
2596	27.2289
2596.73	26.9789
2597.45	26.7289
2598.17	26.9789
2598.9	26.9789
2599.64	26.9789
2600.37	27.4789
2601.09	27.4789
2601.81	26.9789
2602.54	26.9789
2603.26	27.7289
2603.99	26.7289
2604.71	26.9789
2605.45	26.9789
2606.18	26.9789
2606.9	27.2289
2607.63	27.2289
2608.35	26.9789
2609.08	27.4789
2609.8	26.9789
2610.53	27.2289
2611.25	27.4789
2611.98	27.4789
2612.7	27.2289
2613.42	26.9789
2614.15	27.2289
2614.87	26.9789
2615.6	27.2289
2616.32	27.9789
2617.05	27.4789
2617.77	27.4789
2618.5	27.2289
2619.22	27.7289
2619.95	26.9789
2620.67	27.4789
2621.39	27.2289
2622.12	27.4789
2622.84	27.9789
2623.57	27.7289
2624.29	27.7289
2625.02	28.4789
2625.74	27.2289
2626.47	27.4789
2627.19	27.7289
2627.92	27.4789
2628.62	27.7289
2629.35	27.7289
2630.07	27.9789
2630.8	27.9789
2631.52	27.4789
2632.25	27.7289
2632.97	27.9789
2633.7	27.9789
2634.4	27.7289
2635.13	27.9789
2635.85	28.2289
2636.58	27.9789
2637.3	27.9789
2638.01	28.4789
2638.73	27.9789
2639.46	27.9789
2640.18	27.9789
2640.91	28.2289
2641.62	28.2289
2642.34	28.4789
2643.06	28.4789
2643.79	28.4789
2644.5	28.7289
2645.22	28.7289
2645.95	28.4789
2646.67	28.2289
2647.38	28.7289
2648.1	28.2289
2648.83	28.9789
2649.53	28.2289
2650.26	28.2289
2650.98	28.9789
2651.71	28.9789
2652.42	28.9789
2653.14	28.7289
2653.87	28.9789
2654.57	28.9789
2655.3	29.2289
2656.02	28.9789
2656.73	29.2289
2657.45	29.2289
2658.16	29.4789
2658.89	29.7289
2659.61	29.2289
2660.32	29.4789
2661.04	29.4789
2661.75	29.2289
2662.48	28.7289
2663.2	29.7289
2663.91	28.7289
2664.63	28.9789
2665.34	29.4789
2666.07	29.2289
2666.77	29.7289
2667.5	29.4789
2668.21	29.9789
2668.93	29.4789
2669.64	29.7289
2670.36	29.9789
2671.07	29.7289
2671.79	29.9789
2672.5	30.2289
2673.23	29.7289
2673.93	29.7289
2674.66	30.2289
2675.37	29.4789
2676.09	29.4789
2676.8	30.4789
2677.52	30.2289
2678.23	29.4789
2678.96	30.4789
2679.66	30.2289
2680.37	29.7289
2681.1	30.2289
2681.8	29.7289
2682.53	29.9789
2683.24	29.9789
2683.94	29.7289
2684.67	30.2289
2685.38	30.2289
2686.08	29.9789
2686.81	29.7289
2687.52	29.9789
2688.22	29.9789
2688.95	29.7289
2689.66	30.4789
2690.36	29.7289
2691.09	29.9789
2691.8	29.7289
2692.5	29.4789
2693.23	29.7289
2693.94	29.7289
2694.64	29.9789
2695.37	29.9789
2696.08	29.7289
2696.78	29.9789
2697.49	29.4789
2698.22	29.2289
2698.92	29.9789
2699.63	30.4789
2700.34	29.7289
2701.06	29.9789
2701.77	29.2289
2702.48	29.7289
2703.19	29.2289
2703.89	29.4789
2704.62	29.9789
2705.33	29.9789
2706.03	29.7289
2706.74	29.4789
2707.45	29.4789
2708.16	28.9789
2708.88	29.4789
2709.59	29.4789
2710.3	29.9789
2711.01	28.9789
2711.71	29.2289
2712.42	29.4789
2713.13	29.4789
2713.84	29.4789
2714.56	29.2289
2715.27	28.7289
2715.98	28.9789
2716.68	28.9789
2717.39	29.2289
2718.1	28.9789
2718.81	28.7289
2719.52	28.9789
2720.22	28.7289
2720.93	28.4789
2721.64	28.4789
2722.35	28.9789
2723.05	28.2289
2723.76	28.7289
2724.47	27.9789
2725.18	28.2289
2725.88	28.4789
2726.59	28.4789
2727.3	28.7289
2728.01	27.9789
2728.72	28.7289
2729.42	28.4789
2730.13	28.4789
2730.84	27.9789
2731.55	27.9789
2732.25	27.9789
2732.96	27.7289
2733.67	28.2289
2734.38	27.9789
2735.09	27.7289
2735.79	27.9789
2736.48	27.7289
2737.19	28.2289
2737.9	27.9789
2738.61	27.4789
2739.31	28.2289
2740.02	28.4789
2740.73	27.7289
2741.44	27.7289
2742.13	27.7289
2742.84	27.7289
2743.54	27.4789
2744.25	27.7289
2744.96	27.7289
2745.65	27.7289
2746.36	27.4789
2747.07	27.9789
2747.77	27.7289
2748.48	27.7289
2749.17	27.4789
2749.88	27.4789
2750.59	27.4789
2751.3	27.4789
2751.99	27.7289
2752.69	27.9789
2753.4	27.2289
2754.11	27.4789
2754.8	27.2289
2755.51	27.4789
2756.22	27.7289
2756.92	26.9789
2757.61	27.7289
2758.32	27.7289
2759.03	27.4789
2759.72	27.2289
2760.43	26.9789
2761.14	27.7289
2761.83	27.9789
2762.53	27.2289
2763.24	27.4789
2763.93	27.7289
2764.64	27.4789
2765.35	26.7289
2766.04	27.7289
2766.75	27.4789
2767.44	27.4789
2768.15	27.2289
2768.85	27.2289
2769.54	27.4789
2770.25	27.7289
2770.94	27.4789
2771.65	27.2289
2772.34	27.4789
2773.05	26.7289
2773.74	27.4789
2774.45	27.4789
2775.16	27.2289
2775.85	26.9789
2776.55	27.7289
2777.25	26.9789
2777.95	27.2289
2778.64	27.2289
2779.35	27.7289
2780.04	27.2289
2780.75	27.2289
2781.44	27.4789
2782.15	27.4789
2782.84	27.4789
2783.53	27.2289
2784.24	27.2289
2784.93	26.9789
2785.64	26.9789
2786.33	27.2289
2787.04	27.7289
2787.73	26.9789
2788.43	26.9789
2789.12	26.9789
2789.82	26.9789
2790.52	27.2289
2791.21	27.4789
2791.91	27.4789
2792.61	27.9789
2793.3	26.9789
2794.01	26.9789
2794.7	27.2289
2795.39	27.2289
2796.1	27.4789
2796.79	27.4789
2797.48	27.2289
2798.19	27.2289
2798.88	26.9789
2799.57	26.9789
2800.26	26.9789
2800.97	27.2289
2801.66	26.9789
2802.35	27.4789
2803.06	27.4789
2803.75	27.2289
2804.44	26.9789
2805.13	26.7289
2805.84	27.2289
2806.53	26.4789
2807.22	27.2289
2807.91	27.2289
2808.6	26.9789
2809.31	27.2289
2810	26.9789
2810.69	26.9789
2811.38	26.9789
2812.09	26.9789
2812.78	26.4789
2813.47	27.2289
2814.16	26.9789
2814.86	27.4789
2815.55	27.2289
2816.25	26.9789
2816.95	27.2289
2817.64	26.9789
2818.33	27.2289
2819.02	27.2289
2819.71	26.9789
2820.4	27.4789
2821.09	26.9789
2821.78	26.9789
2822.49	27.2289
2823.18	26.9789
2823.87	26.2289
2824.56	26.9789
2825.25	27.2289
2825.94	26.9789
2826.63	26.9789
2827.32	27.9789
2828.02	27.2289
2828.71	26.9789
2829.4	27.2289
2830.09	27.2289
2830.78	26.9789
2831.47	26.9789
2832.16	27.2289
2832.85	27.7289
2833.54	26.9789
2834.23	27.2289
2834.92	26.9789
2835.62	27.2289
2836.31	26.9789
2837	26.7289
2837.69	26.9789
2838.38	27.2289
2839.07	27.2289
2839.76	26.7289
2840.45	26.9789
2841.14	27.4789
2841.82	27.4789
2842.51	26.9789
2843.2	26.9789
2843.89	26.9789
2844.58	26.7289
2845.27	26.7289
2845.96	26.9789
2846.65	26.7289
2847.33	26.9789
2848.02	27.7289
2848.71	27.7289
2849.4	26.4789
2850.09	26.9789
2850.78	26.9789
2851.45	26.9789
2852.15	27.2289
2852.84	27.4789
2853.53	26.7289
2854.22	27.2289
2854.89	27.4789
2855.58	27.9789
2856.27	26.9789
2856.96	27.7289
2857.64	27.7289
2858.33	26.9789
2859.02	27.2289
2859.71	26.9789
2860.39	27.2289
2861.08	27.2289
2861.77	26.7289
2862.46	27.4789
2863.13	27.2289
2863.82	27.2289
2864.51	26.7289
2865.19	26.9789
2865.88	27.2289
2866.57	27.4789
2867.24	26.9789
2867.93	26.9789
2868.63	26.9789
2869.3	26.9789
2869.99	26.9789
2870.68	27.2289
2871.36	27.2289
2872.05	26.7289
2872.74	27.4789
2873.41	26.9789
2874.1	27.2289
2874.78	26.9789
2875.47	26.7289
2876.16	27.2289
2876.83	26.9789
2877.52	27.2289
2878.2	27.2289
2878.89	26.7289
2879.56	26.9789
2880.25	27.2289
2880.93	26.7289
2881.62	26.9789
2882.29	27.2289
2882.98	26.9789
2883.66	27.2289
2884.35	27.2289
2885.02	27.7289
2885.71	27.4789
2886.39	26.9789
2887.08	27.4789
2887.75	27.4789
2888.44	27.4789
2889.12	27.2289
2889.81	27.2289
2890.48	27.2289
2891.17	26.7289
2891.85	26.9789
2892.54	26.9789
2893.21	27.2289
2893.88	26.9789
2894.58	26.9789
2895.25	27.4789
2895.94	27.4789
2896.61	26.7289
2897.29	26.7289
2897.98	27.2289
2898.65	27.2289
2899.33	26.9789
2900.02	26.9789
2900.69	26.9789
2901.38	26.9789
2902.06	27.2289
2902.73	27.7289
2903.42	26.9789
2904.1	26.9789
2904.77	27.2289
2905.44	27.4789
2906.13	27.4789
2906.81	27.2289
2907.48	27.2289
2908.17	26.9789
2908.85	27.2289
2909.52	27.4789
2910.2	27.2289
2910.89	27.2289
2911.56	27.2289
2912.23	27.2289
2912.91	27.2289
2913.6	27.4789
2914.27	27.4789
2914.95	26.7289
2915.62	27.4789
2916.3	27.4789
2916.99	27.2289
2917.66	27.2289
2918.33	26.9789
2919.01	27.7289
2919.68	27.4789
2920.36	27.4789
2921.05	27.4789
2921.72	27.7289
2922.4	27.7289
2923.07	27.2289
2923.74	27.4789
2924.42	27.2289
2925.09	27.2289
2925.78	27.4789
2926.46	27.4789
2927.13	27.7289
2927.8	27.2289
2928.48	27.7289
2929.15	27.4789
2929.83	27.4789
2930.5	27.4789
2931.17	26.7289
2931.85	27.4789
2932.52	27.4789
2933.2	27.7289
2933.87	27.9789
2934.54	27.4789
2935.22	27.2289
2935.89	27.2289
2936.57	27.2289
2937.24	27.4789
2937.91	27.4789
2938.59	27.4789
2939.26	27.9789
2939.94	27.4789
2940.61	27.7289
2941.28	27.4789
2941.96	27.2289
2942.63	27.4789
2943.31	27.2289
2943.98	27.4789
2944.66	27.7289
2945.33	27.7289
2946	27.7289
2946.68	27.7289
2947.35	27.2289
2948.03	27.2289
2948.7	27.7289
2949.36	27.4789
2950.03	27.4789
2950.7	27.7289
2951.38	27.4789
2952.05	27.9789
2952.73	27.4789
2953.4	27.4789
2954.06	27.4789
2954.73	26.9789
2955.41	27.2289
2956.08	27.2289
2956.75	27.4789
2957.43	27.2289
2958.08	27.4789
2958.76	27.4789
2959.43	27.4789
2960.11	27.9789
2960.76	27.7289
2961.44	27.4789
2962.11	27.4789
2962.79	27.4789
2963.44	27.7289
2964.12	27.4789
2964.79	26.9789
2965.47	27.4789
2966.12	27.2289
2966.8	27.2289
2967.47	27.2289
2968.14	27.4789
2968.8	27.4789
2969.48	27.4789
2970.15	27.7289
2970.81	27.4789
2971.48	26.7289
2972.16	27.2289
2972.81	27.2289
2973.49	26.9789
2974.16	27.4789
2974.82	26.9789
2975.49	26.9789
2976.17	27.9789
2976.82	27.2289
2977.5	27.2289
2978.15	27.2289
2978.83	27.2289
2979.5	27.4789
2980.16	27.2289
2980.83	27.2289
2981.49	27.4789
2982.16	27.7289
2982.82	27.2289
2983.5	27.4789
2984.17	27.2289
2984.83	27.4789
2985.5	26.9789
2986.16	27.2289
2986.83	27.2289
2987.49	27.2289
2988.16	26.9789
2988.82	26.9789
2989.49	26.7289
2990.15	27.4789
2990.83	27.2289
2991.48	26.9789
2992.16	26.7289
2992.81	27.2289
2993.49	26.9789
2994.15	27.2289
2994.82	26.9789
2995.48	26.9789
2996.13	26.7289
2996.81	26.7289
2997.46	26.9789
2998.14	26.4789
2998.8	26.9789
2999.45	26.9789
3000.13	26.9789
3000.78	26.9789
3001.46	26.7289
3002.12	26.9789
3002.77	26.7289
3003.45	26.4789
3004.1	26.9789
3004.76	26.4789
3005.43	26.4789
3006.09	26.4789
3006.75	26.7289
3007.42	26.2289
3008.08	26.4789
3008.74	26.4789
3009.41	26.9789
3010.07	26.9789
3010.73	26.9789
3011.4	26.7289
3012.06	26.7289
3012.71	27.2289
3013.37	26.9789
3014.05	27.2289
3014.7	26.7289
3015.36	26.2289
3016.02	26.9789
3016.69	26.9789
3017.35	26.7289
3018.01	26.7289
3018.66	26.9789
3019.34	26.7289
3019.99	26.2289
3020.65	26.7289
3021.31	26.7289
3021.97	26.9789
3022.64	26.4789
3023.3	26.7289
3023.95	26.7289
3024.61	26.4789
3025.27	26.9789
3025.93	26.7289
3026.6	26.4789
3027.26	26.4789
3027.91	26.9789
3028.57	26.4789
3029.23	26.7289
3029.89	26.4789
3030.54	26.4789
3031.2	26.4789
3031.86	26.2289
3032.53	26.9789
3033.19	26.9789
3033.84	26.2289
3034.5	26.4789
3035.16	26.2289
3035.82	26.4789
3036.47	26.4789
3037.13	26.4789
3037.79	26.4789
3038.45	26.4789
3039.1	26.4789
3039.76	26.9789
3040.42	26.7289
3041.07	26.9789
3041.73	26.4789
3042.39	26.7289
3043.05	26.4789
3043.7	26.4789
3044.36	26.2289
3045.02	26.7289
3045.67	26.7289
3046.33	26.2289
3046.99	26.4789
3047.65	26.7289
3048.3	26.4789
3048.96	26.4789
3049.6	26.2289
3050.26	26.7289
3050.91	26.4789
3051.57	26.2289
3052.23	26.2289
3052.89	26.4789
3053.54	26.4789
3054.2	26.4789
3054.86	26.2289
3055.5	25.9789
3056.16	25.9789
3056.81	26.2289
3057.47	26.2289
3058.13	26.7289
3058.78	26.2289
3059.44	26.7289
3060.08	26.7289
3060.74	26.2289
3061.4	25.9789
3062.05	26.2289
3062.71	25.9789
3063.35	26.2289
3064.01	26.2289
3064.66	26.7289
3065.32	26.7289
3065.96	26.4789
3066.62	26.7289
3067.28	26.4789
3067.93	25.9789
3068.57	26.2289
3069.23	26.4789
3069.89	26.2289
3070.55	26.4789
3071.19	26.4789
3071.84	26.7289
3072.5	26.2289
3073.14	26.2289
3073.8	26.7289
3074.45	26.2289
3075.09	26.2289
3075.75	26.2289
3076.41	25.9789
3077.05	25.9789
3077.71	26.2289
3078.36	26.7289
3079	26.4789
3079.66	25.9789
3080.32	26.2289
3080.96	26.2289
3081.62	26.4789
3082.26	27.2289
3082.91	26.2289
3083.57	25.7289
3084.21	25.9789
3084.87	26.4789
3085.51	26.4789
3086.17	26.7289
3086.81	26.2289
3087.46	26.4789
3088.1	26.2289
3088.76	26.4789
3089.42	25.9789
3090.06	26.4789
3090.72	26.4789
3091.36	25.9789
3092.01	25.9789
3092.65	26.7289
3093.31	25.9789
3093.95	26.2289
3094.61	25.9789
3095.25	26.4789
3095.91	26.2289
3096.55	26.2289
3097.19	26.7289
3097.84	25.9789
3098.48	26.2289
3099.14	25.9789
3099.78	26.2289
3100.44	25.9789
3101.08	26.2289
3101.72	26.2289
3102.38	26.2289
3103.02	26.2289
3103.67	25.9789
3104.31	26.2289
3104.95	25.9789
3105.61	26.4789
3106.25	25.7289
3106.91	25.9789
3107.55	25.9789
3108.19	26.4789
3108.85	26.2289
3109.49	26.4789
3110.13	25.7289
3110.78	25.9789
3111.42	25.9789
3112.06	26.4789
3112.71	26.2289
3113.36	25.9789
3114	26.4789
3114.64	25.9789
3115.3	26.2289
3115.94	25.4789
3116.58	25.9789
3117.22	25.7289
3117.88	26.2289
3118.52	26.2289
3119.16	25.9789
3119.8	25.9789
3120.46	25.7289
3121.1	26.2289
3121.74	26.2289
3122.38	25.7289
3123.03	25.9789
3123.68	25.4789
3124.32	25.7289
3124.96	25.9789
3125.6	25.7289
3126.24	25.7289
3126.89	25.7289
3127.53	25.4789
3128.17	25.7289
3128.81	25.4789
3129.45	25.4789
3130.09	25.7289
3130.74	25.9789
3131.39	26.2289
3132.03	25.4789
3132.67	25.7289
3133.31	25.4789
3133.95	25.4789
3134.59	25.7289
3135.23	25.2289
3135.87	25.4789
3136.52	25.2289
3137.16	25.7289
3137.8	25.4789
3138.45	25.7289
3139.09	25.7289
3139.73	25.4789
3140.37	25.4789
3141.01	25.4789
3141.65	25.4789
3142.29	25.4789
3142.94	25.4789
3143.58	25.7289
3144.22	25.4789
3144.86	25.4789
3145.5	25.4789
3146.14	25.4789
3146.78	25.7289
3147.42	25.4789
3148.06	25.4789
3148.7	25.4789
3149.32	25.2289
3149.96	25.2289
3150.6	25.2289
3151.24	25.4789
3151.88	25.4789
3152.52	25.4789
3153.16	25.4789
3153.8	25.4789
3154.44	24.9789
3155.08	25.4789
3155.72	25.2289
3156.35	25.2289
3156.99	25.2289
3157.63	24.9789
3158.27	24.7289
3158.91	25.2289
3159.55	25.2289
3160.19	25.2289
3160.81	25.4789
3161.45	25.2289
3162.09	25.2289
3162.73	25.4789
3163.37	24.9789
3164	25.2289
3164.64	25.2289
3165.28	25.2289
3165.92	24.9789
3166.56	25.2289
3167.18	25.7289
3167.82	25.7289
3168.46	25.2289
3169.1	24.9789
3169.73	25.2289
3170.37	25.2289
3171.01	25.2289
3171.65	24.9789
3172.27	24.9789
3172.91	24.7289
3173.55	24.9789
3174.18	25.2289
3174.82	25.2289
3175.46	24.9789
3176.1	25.2289
3176.72	24.9789
3177.36	24.9789
3178	24.9789
3178.62	25.2289
3179.26	24.7289
3179.91	24.9789
3180.53	24.9789
3180.6	24.9789
3181.25	24.9789
3181.89	24.9789
3182.53	24.7289
3183.19	25.2289
3183.83	25.4789
3184.47	24.9789
3185.13	24.7289
3185.77	24.9789
3186.41	24.7289
3187.07	25.4789
3187.71	25.2289
3188.35	24.9789
3189	25.2289
3189.64	24.7289
3190.29	24.9789
3190.93	24.9789
3191.58	24.9789
3192.22	24.7289
3192.86	24.9789
3193.52	24.9789
3194.16	25.2289
3194.8	25.2289
3195.44	25.2289
3196.08	25.4789
3196.74	24.9789
3197.38	25.2289
3198.02	25.2289
3198.66	25.2289
3199.32	25.4789
3199.96	25.2289
3200.6	25.2289
3201.24	24.9789
3201.88	25.2289
3202.54	25.7289
3203.18	25.2289
3203.82	25.4789
3204.46	25.4789
3205.1	24.9789
3205.74	25.2289
3206.38	24.9789
3207.03	24.9789
3207.67	25.4789
3208.32	25.2289
3208.96	25.7289
3209.6	25.2289
3210.24	25.2289
3210.88	25.2289
3211.52	25.4789
3212.17	25.2289
3212.81	25.2289
3213.45	25.2289
3214.09	24.9789
3214.74	25.2289
3215.38	25.4789
3216.02	25.2289
3216.66	25.4789
3217.3	24.9789
3217.94	25.4789
3218.58	25.2289
3219.22	24.7289
3219.86	25.4789
3220.5	25.4789
3221.14	25.2289
3221.78	25.4789
3222.42	25.2289
3223.06	25.2289
3223.7	24.9789
3224.34	25.4789
3224.98	25.7289
3225.62	24.7289
3226.26	25.2289
3226.9	24.9789
3227.54	25.4789
3228.18	25.7289
3228.82	25.2289
3229.46	24.9789
3230.1	25.4789
3230.74	25.7289
3231.38	25.2289
3232.02	25.2289
3232.65	25.4789
3233.29	25.4789
3233.93	25.2289
3234.57	25.4789
3235.21	25.2289
3235.85	25.2289
3236.49	25.4789
3237.13	25.4789
3237.77	25.2289
3238.39	25.2289
3239.03	25.7289
3239.67	25.7289
3240.31	25.4789
3240.95	25.2289
3241.59	25.2289
3242.22	25.4789
3242.86	24.9789
3243.5	25.2289
3244.14	24.9789
3244.78	25.4789
3245.4	25.2289
3246.04	25.2289
3246.68	25.4789
3247.32	25.2289
3247.96	25.4789
3248.59	25.4789
3249.23	25.4789
3249.87	25.7289
3250.49	25.4789
3251.13	25.4789
3251.77	25.4789
3252.41	25.7289
3253.04	25.4789
3253.68	25.4789
3254.32	25.4789
3254.96	25.2289
3255.58	25.4789
3256.22	25.2289
3256.86	25.4789
3257.49	24.9789
3258.13	25.2289
3258.77	25.4789
3259.39	25.4789
3260.03	25.2289
3260.67	25.2289
3261.29	25.4789
3261.93	25.4789
3262.57	25.4789
3263.2	25.4789
3263.84	25.7289
3264.46	25.7289
3265.1	25.4789
3265.74	25.7289
3266.37	25.4789
3267.01	25.4789
3267.65	25.4789
3268.27	25.4789
3268.91	25.7289
3269.53	25.7289
3270.17	25.2289
3270.8	25.2289
3271.44	25.4789
3272.06	25.7289
3272.7	25.2289
3273.34	25.9789
3273.96	25.2289
3274.61	25.7289
3275.23	25.7289
3275.87	25.4789
3276.49	25.7289
3277.13	25.7289
3277.76	25.4789
3278.4	25.7289
3279.02	25.4789
3279.66	25.4789
3280.28	24.9789
3280.92	25.2289
3281.55	25.4789
3282.17	25.2289
3282.81	25.2289
3283.43	25.4789
3284.08	25.2289
3284.7	24.9789
3285.34	25.7289
3285.96	25.2289
3286.6	25.4789
3287.23	25.9789
3287.85	25.4789
3288.49	25.4789
3289.11	25.2289
3289.75	24.9789
3290.38	25.4789
3291	25.2289
3291.64	25.4789
3292.26	25.2289
3292.89	25.7289
3293.53	25.4789
3294.15	25.7289
3294.78	25.7289
3295.42	25.4789
3296.04	25.4789
3296.66	25.4789
3297.3	25.4789
3297.93	25.2289
3298.55	25.2289
3299.19	25.4789
3299.83	25.4789
